迈  0.741259  0.027972  0.0769231  0.153846  
向  0.043123  0.0172492  0.332274  0.607354  
充  0.902174  0.00724638  0.0887681  0.00181159  
满  0.445652  0.0869565  0.297554  0.169837  
希  0.918712  0.0398773  0.0337423  0.00766871  
望  0.0342679  0.0415369  0.870197  0.0539979  
的  0.000841905  0.00140928  0.0114206  0.986328  
新  0.509659  0.0398932  0.0932935  0.357154  
世  0.811288  0.108574  0.068505  0.0116329  
纪  0.407973  0.0949958  0.492791  0.00424088  
―  0.306545  0.248316  0.301732  0.143407  
年  0.143122  0.0646514  0.485873  0.306354  
讲  0.495856  0.00690608  0.0718232  0.425414  
话  0.226018  0.107753  0.559133  0.107096  
（  0.000466092  0.0055931  0  0.993941  
附  0.300716  0  0.00954654  0.689737  
图  0.651946  0.0299401  0.140719  0.177395  
片  0.0361545  0.0312243  0.810189  0.122432  
１  0.700251  0.189171  0.0473747  0.0632027  
张  0.140599  0.0288828  0.166757  0.66376  
）  0  0.000466309  0.0051294  0.994404  
中  0.517932  0.106088  0.10006  0.275919  
共  0.494271  0.20625  0.102604  0.196875  
央  0.004662  0.109557  0.885781  0  
总  0.814605  0.066022  0.0143381  0.105035  
书  0.415652  0.175072  0.284058  0.125217  
记  0.726959  0.0322884  0.220063  0.0206897  
、  0  0  0  1  
国  0.341785  0.0493131  0.564615  0.0442868  
家  0.147751  0.0931647  0.626061  0.133024  
主  0.644369  0.25  0.100127  0.00550381  
席  0.0368526  0.0567729  0.885458  0.0209163  
江  0.26995  0.0885287  0.266833  0.374688  
泽  0.879939  0.0653495  0.050152  0.00455927  
民  0.217585  0.168329  0.605493  0.00859291  
十  0.470026  0.268481  0.168812  0.0926811  
二  0.262376  0.179455  0.309406  0.248762  
月  0.0346608  0.0376106  0.854966  0.072763  
三  0.278316  0.139368  0.155368  0.426947  
一  0.391031  0.0867181  0.108026  0.414225  
日  0.225479  0.0482931  0.686428  0.0398002  
２  0.577904  0.281667  0.0851882  0.0552408  
３  0.463343  0.269469  0.113718  0.15347  
，  2.69749e-05  0  0  0.999973  
发  0.793264  0.0331325  0.147043  0.0265608  
表  0.57279  0.0891768  0.325076  0.0129573  
《  0  0  0  1  
》  0  0  0  1  
。  2.80867e-05  0  0  0.999972  
华  0.253925  0.461092  0.25256  0.0324232  
社  0.482835  0.182879  0.329005  0.00528169  
者  0  0.0145267  0.965792  0.0196813  
兰  0.121413  0.238411  0.600442  0.0397351  
红  0.533241  0.166205  0.163435  0.137119  
光  0.407631  0.0943775  0.425703  0.0722892  
摄  0.304569  0.00169205  0.0862944  0.607445  
同  0.554355  0.0420286  0.257337  0.146278  
胞  0  0.0133929  0.986607  0  
们  0  0.000390244  0.834146  0.165463  
朋  0.813472  0.15544  0.0310881  0  
友  0.497751  0.023988  0.461769  0.0164918  
女  0.333078  0.018419  0.247122  0.401381  
士  0.0928668  0.0861373  0.820996  0  
先  0.564861  0.0314861  0.313602  0.0900504  
生  0.498752  0.088057  0.4  0.0131907  
：  0  0  0  1  
在  0.0234766  0.00758022  0.0846335  0.88431  
来  0.174221  0.0510381  0.503633  0.271107  
临  0.417293  0.0244361  0.503759  0.0545113  
之  0.402084  0.145167  0.0603665  0.392382  
际  0.00120919  0.076179  0.922007  0.000604595  
我  0.641963  0.00635226  0.012127  0.339557  
分  0.453423  0.0715488  0.380191  0.0948373  
高  0.392019  0.0715962  0.29507  0.241315  
兴  0.397523  0.126126  0.421171  0.0551802  
地  0.390537  0.037194  0.247641  0.324627  
通  0.595524  0.0812267  0.298798  0.0244509  
过  0.316627  0.0129717  0.427771  0.24263  
人  0.442539  0.0769768  0.273764  0.20672  
广  0.858844  0.0102041  0.111111  0.0198413  
播  0.226866  0.0597015  0.692537  0.0208955  
电  0.50431  0.0768256  0.110294  0.30857  
台  0.346154  0.0399129  0.452104  0.161829  
和  0.0529096  0.0101389  0.0149101  0.922041  
视  0.0959933  0.22788  0.65192  0.024207  
全  0.765563  0.0471145  0.129801  0.0575213  
各  0.711552  0.0473208  0  0.241127  
族  0  0.0357143  0.959656  0.00462963  
香  0.895921  0.0182841  0.04782  0.0379747  
港  0.168743  0.0430351  0.730464  0.0577576  
特  0.737873  0.0965485  0.152519  0.0130597  
别  0.133797  0.0348028  0.791183  0.0402166  
行  0.219698  0.0474158  0.713066  0.0198201  
政  0.638055  0.179672  0.178471  0.00380152  
区  0.0780789  0.00939093  0.874162  0.0383687  
澳  0.519164  0.278746  0.101045  0.101045  
门  0.0866739  0.0471289  0.818527  0.0476706  
湾  0.00218341  0.0393013  0.958515  0  
海  0.445952  0.0701919  0.445016  0.0388395  
外  0.497638  0.0765857  0.334345  0.0914305  
侨  0.405882  0  0.558824  0.0352941  
界  0.0245559  0.0741902  0.896029  0.00522466  
致  0.409149  0.0876747  0.43202  0.0711563  
以  0.356758  0.0284799  0.221773  0.39299  
诚  0.322034  0.0338983  0.587571  0.0564972  
挚  0.166667  0  0.8  0.0333333  
问  0.683389  0.0479376  0.213675  0.0549981  
候  0.134752  0.0212766  0.836879  0.0070922  
良  0.576453  0.030581  0.374618  0.0183486  
好  0.12677  0.0328152  0.402763  0.437651  
祝  0.58961  0.012987  0.187013  0.21039  
愿  0.239332  0.170686  0.397032  0.19295  
！  0  0  0  1  
是  0.0149565  0.00252174  0.112435  0.870087  
展  0.0867336  0.00735786  0.90078  0.00512821  
历  0.818847  0.0182983  0.159195  0.00365965  
史  0.0664024  0.061447  0.828543  0.0436075  
上  0.297852  0.0159395  0.166554  0.519654  
非  0.496781  0.0643777  0.329399  0.109442  
常  0.385113  0.0679612  0.462783  0.0841424  
重  0.694472  0.0261307  0.241457  0.0379397  
要  0.123986  0.0117223  0.428765  0.435528  
很  0.164371  0.000918274  0  0.834711  
不  0.376579  0.120501  0.0273914  0.475528  
平  0.333458  0.0605607  0.575701  0.0302804  
凡  0.205405  0.0810811  0.443243  0.27027  
决  0.472281  0.0175906  0.507463  0.00266525  
心  0.233683  0.0900225  0.629407  0.0468867  
继  0.869289  0.0164975  0.0761421  0.0380711  
承  0.765363  0.0316574  0.195531  0.00744879  
邓  0.00881057  0.00440529  0  0.986784  
小  0.604515  0.101596  0.0611133  0.232775  
志  0.234483  0.0244514  0.723511  0.0175549  
遗  0.916667  0.0595238  0.0119048  0.0119048  
续  0.00526778  0.0289728  0.96137  0.00438982  
把  0.043765  0.0203837  0.00719424  0.928657  
建  0.77583  0.0267528  0.153828  0.0435886  
设  0.317191  0.0255967  0.63715  0.0200623  
有  0.260012  0.0631106  0.282017  0.39486  
色  0.0740741  0.231746  0.681481  0.0126984  
会  0.210009  0.121036  0.565665  0.103289  
义  0.095009  0.0384847  0.864702  0.00180397  
事  0.410419  0.149301  0.367535  0.0727446  
业  0.0495715  0.0768622  0.871852  0.00171391  
推  0.96252  0.00877193  0.00318979  0.0255183  
前  0.247432  0.0196654  0.515116  0.217787  
进  0.604205  0.0199107  0.304243  0.0716412  
府  0.00413956  0.017741  0.977528  0.000591366  
顺  0.771261  0.0381232  0.16129  0.0293255  
利  0.393213  0.196606  0.391  0.0191811  
恢  0.969072  0.0154639  0.0103093  0.00515464  
复  0.402299  0.0623974  0.52381  0.0114943  
对  0.188062  0.0339806  0.109853  0.668105  
使  0.191469  0.0194313  0.173934  0.615166  
权  0.292035  0.0420354  0.602876  0.0630531  
并  0.122488  0.0200957  0.116268  0.741148  
按  0.549363  0.0461783  0.0302548  0.374204  
照  0.342606  0.0190337  0.609078  0.0292826  
“  0  0  0  1  
两  0.220577  0.0383447  0.0113895  0.729689  
制  0.377778  0.0369408  0.578932  0.00634921  
”  0  0  0  1  
治  0.209474  0.324737  0.428421  0.0373684  
度  0.0179445  0.0159054  0.949837  0.0163132  
自  0.73426  0.0809485  0.110657  0.0741346  
方  0.461538  0.113312  0.391985  0.0331644  
针  0.379157  0.0354767  0.563193  0.0221729  
保  0.819308  0.0562726  0.106866  0.0175529  
持  0.163556  0.0392927  0.776031  0.0211198  
繁  0.80826  0.0707965  0.117994  0.00294985  
荣  0.365574  0.0459016  0.52623  0.0622951  
稳  0.852041  0.0459184  0.0688776  0.0331633  
定  0.0916253  0.0487307  0.836884  0.0227604  
产  0.424667  0.178876  0.385961  0.0104964  
党  0.41938  0.0720031  0.204519  0.304098  
成  0.515778  0.0364527  0.359267  0.088502  
功  0.303639  0.125471  0.537014  0.033877  
召  0.793566  0.0321716  0.171582  0.00268097  
开  0.690069  0.0431871  0.199076  0.0676674  
了  0.0233728  0.00202889  0.0452037  0.929395  
第  0.911824  0.0873747  0.000801603  0  
五  0.194576  0.379661  0.194576  0.231186  
次  0.0225166  0.0220751  0.47947  0.475938  
代  0.313248  0.196728  0.435355  0.0546688  
大  0.453452  0.0865828  0.258663  0.201303  
举  0.670769  0.0418462  0.268923  0.0184615  
伟  0.645749  0.0101215  0.244939  0.0991903  
旗  0.515358  0.0750853  0.354949  0.0546075  
帜  0  0.0425532  0.957447  0  
结  0.75048  0.0230326  0.206814  0.0196737  
百  0.320459  0.27453  0.267223  0.137787  
跨  0.32618  0.0944206  0.0343348  0.545064  
动  0.149542  0.117945  0.718524  0.0139894  
纲  0.701299  0.0519481  0.194805  0.0519481  
领  0.819506  0.0542807  0.103707  0.0225066  
这  0.507204  0.00139427  0  0.491402  
改  0.889208  0.00984817  0.0521133  0.0488305  
革  0.186033  0.0311033  0.78169  0.00117371  
放  0.181308  0.216199  0.480997  0.121495  
现  0.443425  0.0079001  0.529817  0.0188583  
化  0.0584527  0.0432665  0.893983  0.00429799  
经  0.732107  0.136188  0.100479  0.0312258  
济  0.0314325  0.109597  0.858136  0.000834492  
增  0.901952  0.0185874  0.0497212  0.0297398  
长  0.242026  0.0603448  0.628017  0.0696121  
低  0.270106  0.0455235  0.327769  0.356601  
胀  0  0.0603448  0.939655  0  
态  0.308571  0.0419048  0.645714  0.00380952  
势  0.155417  0.0319716  0.802842  0.00976909  
农  0.916062  0.0466321  0.0276339  0.00967185  
再  0.265144  0.0218471  0.11718  0.595829  
获  0.599462  0.00268817  0.223118  0.174731  
得  0.193167  0.0450066  0.485217  0.27661  
收  0.578698  0.0863905  0.27574  0.0591716  
企  0.915179  0.0658482  0.0178571  0.00111607  
深  0.772291  0.0459534  0.0816187  0.100137  
活  0.543897  0.0261242  0.397002  0.0329764  
步  0.142166  0.0320629  0.751966  0.0738052  
善  0.139871  0.0160772  0.823151  0.0209003  
技  0.499281  0.110791  0.388489  0.00143885  
术  0.00570613  0.129815  0.862102  0.00237756  
合  0.430613  0.178082  0.375223  0.016081  
作  0.327796  0.0525067  0.571492  0.0482053  
与  0.0510386  0.0249258  0.0679525  0.856083  
交  0.615496  0.13414  0.199031  0.0513317  
流  0.408403  0.092437  0.461345  0.0378151  
断  0.0598053  0.0194715  0.835883  0.0848401  
扩  0.944056  0.002331  0  0.0536131  
法  0.29195  0.105723  0.564824  0.037504  
精  0.814617  0.161616  0.00475342  0.0190137  
神  0.158151  0.232766  0.587997  0.0210868  
文  0.720843  0.118072  0.139145  0.02194  
明  0.322794  0.0632353  0.592647  0.0213235  
其  0.524175  0.028396  0.131236  0.316193  
他  0.306535  0.00300946  0.0851247  0.605331  
项  0.324837  0.00522876  0.296078  0.373856  
都  0.0163864  0.0198361  0.149633  0.814144  
关  0.540241  0.0339537  0.412223  0.0135815  
注  0.571685  0.0537634  0.362007  0.0125448  
最  0.484176  0.000472367  0.000472367  0.51488  
近  0.322056  0.0123617  0.298634  0.366949  
个  0.0706742  0.0108855  0.495532  0.422908  
时  0.32688  0.0286303  0.406797  0.237693  
期  0.236225  0.0447354  0.673759  0.045281  
些  0.00290839  0.0111488  0.926321  0.0596219  
金  0.492479  0.0648281  0.383596  0.0590974  
融  0.110704  0.073193  0.802379  0.0137237  
风  0.481646  0.10443  0.368987  0.0449367  
波  0.52649  0.175497  0.231788  0.0662252  
相  0.649091  0.0860606  0.127879  0.13697  
信  0.561006  0.0591195  0.332075  0.0477987  
努  0.945255  0.0492701  0.00364964  0.00182482  
力  0.158682  0.0466413  0.787579  0.00709759  
及  0.18091  0.018313  0.430078  0.370699  
情  0.490312  0.0462863  0.405813  0.0575888  
况  0.00834327  0.00595948  0.984505  0.0011919  
逐  0.874674  0.0417755  0.0704961  0.0130548  
到  0.0396949  0.0261744  0.431791  0.50234  
缓  0.601227  0.00613497  0.300613  0.0920245  
解  0.632012  0.0836557  0.272244  0.012089  
说  0.0710096  0.00648348  0.134609  0.787897  
局  0.194476  0.0163472  0.741826  0.0473506  
工  0.685745  0.0518926  0.260073  0.00228938  
取  0.456274  0.0157523  0.497012  0.0309614  
果  0.0734824  0.0175719  0.886581  0.0223642  
层  0.209703  0.0657277  0.610329  0.114241  
互  0.493274  0.0919283  0.360987  0.0538117  
访  0.454795  0.0479452  0.428767  0.0684932  
美  0.753923  0.0183639  0.090818  0.136895  
俄  0.467262  0.0267857  0  0.505952  
罗  0.168328  0.517165  0.0719823  0.242525  
斯  0.0426945  0.405123  0.545541  0.00664137  
本  0.501201  0.0469535  0.379559  0.0722865  
等  0.0692011  0.040689  0.0724681  0.817642  
确  0.440659  0.0153846  0.512088  0.0318681  
双  0.817219  0.0476821  0.0331126  0.101987  
系  0.263113  0.0308799  0.686548  0.0194585  
未  0.468242  0.0620384  0.161004  0.308715  
目  0.537558  0.03483  0.421737  0.00587495  
标  0.421797  0.0723794  0.499168  0.00665557  
指  0.894288  0.016415  0.0210112  0.0682863  
导  0.122617  0.142548  0.733102  0.0017331  
周  0.395741  0.0266193  0.0887311  0.488909  
边  0.291057  0.0390244  0.510569  0.15935  
加  0.553791  0.055297  0.350944  0.0399672  
强  0.359582  0.0220972  0.519084  0.0992366  
积  0.774492  0.0286506  0.185767  0.0110906  
极  0.167517  0.114796  0.598639  0.119048  
参  0.939836  0.0419325  0.0136737  0.00455789  
亚  0.316998  0.0865237  0.574273  0.0222052  
太  0.473779  0.173599  0.0705244  0.282098  
组  0.653103  0.0686673  0.258393  0.0198372  
织  0.00651163  0.0790698  0.909767  0.00465116  
东  0.483385  0.106438  0.362928  0.0472482  
盟  0.0666667  0.00266667  0.92  0.0106667  
韩  0.552147  0.00613497  0.00306748  0.43865  
首  0.602987  0.0212264  0.0919811  0.283805  
脑  0.177843  0.0932945  0.682216  0.0466472  
正  0.599229  0.0419075  0.182081  0.176782  
式  0.00149365  0.0261389  0.964899  0.00746826  
晤  0.03125  0.0416667  0.90625  0.0208333  
符  0.773481  0.0276243  0.0718232  0.127072  
题  0.0538156  0.0154389  0.909572  0.0211734  
应  0.415578  0.0299952  0.272375  0.282051  
走  0.366412  0.0419847  0.0591603  0.532443  
多  0.186672  0.0519872  0.179647  0.581694  
趋  0.710843  0.0160643  0.140562  0.13253  
于  0.0290005  0.0145003  0.632056  0.324443  
促  0.885382  0.0182724  0.0581395  0.038206  
出  0.357216  0.027871  0.347585  0.267328  
贡  0.992933  0  0.00353357  0.00353357  
献  0.189509  0.0389171  0.683587  0.0879865  
将  0.0365364  0.00219218  0.0873219  0.87395  
怀  0.451477  0.0970464  0.383966  0.0675105  
创  0.806907  0.0211931  0.0761381  0.0957614  
绩  0.00591716  0  0.994083  0  
尽  0.694974  0.129983  0.0589255  0.116118  
管  0.645673  0.0370192  0.267788  0.0495192  
还  0.272007  0.00465766  0.0204937  0.702841  
面  0.25085  0.029966  0.692617  0.0265678  
少  0.22053  0.12649  0.494702  0.158278  
困  0.44155  0.149633  0.40147  0.00734803  
难  0.318989  0.079918  0.465164  0.135929  
但  0.157401  0.00133958  0.0455459  0.795713  
引  0.708791  0.0824176  0.164835  0.043956  
０  0.0244405  0.523411  0.451462  0.00068653  
就  0.157057  0.00840841  0.0600601  0.774474  
累  0.429245  0.0471698  0.429245  0.0943396  
丰  0.765957  0.125725  0.065764  0.0425532  
富  0.319463  0.128859  0.46443  0.0872483  
验  0.0858086  0.0676568  0.838284  0.00825083  
种  0.136572  0.013772  0.526779  0.322877  
条  0.422383  0.0519856  0.0577617  0.46787  
件  0.000742942  0.00297177  0.79792  0.198366  
能  0.217221  0.0384866  0.283431  0.460861  
够  0.00952381  0  0.863492  0.126984  
克  0.353035  0.131789  0.485623  0.0295527  
服  0.785538  0.0295809  0.176664  0.00821693  
只  0.516156  0.0074565  0.0124275  0.46396  
思  0.739255  0.119389  0.127985  0.0133715  
想  0.134361  0.0433186  0.554332  0.267988  
实  0.645273  0.0594102  0.288595  0.0067216  
求  0.0608289  0.0949198  0.799465  0.0447861  
抓  0.477492  0.0450161  0.123794  0.353698  
住  0.48062  0.0145349  0.282946  0.221899  
机  0.524181  0.0792512  0.388768  0.00780031  
遇  0.343537  0.00680272  0.527211  0.122449  
拓  0.266376  0.165939  0.558952  0.00873362  
道  0.17046  0.0593485  0.699241  0.0709505  
路  0.179077  0.0855385  0.593846  0.141538  
越  0.410691  0.0286832  0.342894  0.217731  
宽  0.396104  0.0454545  0.311688  0.246753  
祖  0.908894  0.0281996  0.0607375  0.0021692  
完  0.888172  0.00752688  0.00107527  0.103226  
统  0.386038  0.0545539  0.55571  0.00369857  
内  0.389588  0.118438  0.268547  0.223427  
体  0.454653  0.0459395  0.49674  0.00266746  
葡  0.909091  0  0  0.0909091  
基  0.874363  0.0704682  0.0523876  0.00278164  
回  0.754516  0.0155993  0.0977011  0.132184  
归  0.362179  0.0544872  0.439103  0.144231  
土  0.5696  0.0912  0.2624  0.0768  
可  0.560985  0.107897  0.06724  0.263878  
割  0.0434783  0.130435  0.565217  0.26087  
部  0.32972  0.0842228  0.555037  0.0310207  
所  0.291778  0.0911528  0.219392  0.397676  
任  0.372248  0.0701485  0.469022  0.0885817  
何  0.106808  0.036385  0.637324  0.219484  
造  0.350274  0.0828772  0.546521  0.0203284  
独  0.722868  0.145349  0.0813953  0.0503876  
立  0.249642  0.0491647  0.679236  0.021957  
谋  0.37037  0.322751  0.190476  0.116402  
更  0.239637  0.0259067  0.00518135  0.729275  
失  0.481191  0.0423197  0.449843  0.0266458  
败  0.0563798  0.0356083  0.851632  0.0563798  
当  0.551919  0.0316027  0.247555  0.168924  
为  0.0983681  0.0189257  0.351768  0.530938  
拿  0.0507463  0.331343  0.0149254  0.602985  
意  0.493411  0.0542963  0.426463  0.0258303  
采  0.902497  0.0118906  0.0737218  0.0118906  
岸  0.0351562  0.0117188  0.945312  0.0078125  
员  0.015526  0.173638  0.807034  0.00380228  
往  0.259409  0.0268817  0.520161  0.193548  
直  0.586758  0.0924658  0.28653  0.0342466  
接  0.550969  0.0286436  0.364785  0.0556024  
邮  0.895765  0.0488599  0.0553746  0  
航  0.665944  0.0997831  0.234273  0  
商  0.607698  0.0871033  0.291695  0.0135044  
早  0.432323  0.0121212  0.232323  0.323232  
原  0.716558  0.0253073  0.14389  0.114244  
则  0.00514801  0.015444  0.537967  0.441441  
下  0.409468  0.0451993  0.206472  0.338861  
谈  0.291075  0.112576  0.40568  0.190669  
判  0.222857  0.06  0.705714  0.0114286  
郑  0.446602  0.0145631  0.00970874  0.529126  
呼  0.644258  0.196078  0.140056  0.0196078  
吁  0  0.0172414  0.982759  0  
环  0.778186  0.0465686  0.134804  0.0404412  
顾  0.30303  0.0757576  0.460606  0.160606  
球  0.128477  0.178808  0.663576  0.0291391  
益  0.0189243  0.0438247  0.936255  0.000996016  
密  0.419811  0.0778302  0.488208  0.0141509  
切  0.293902  0.052439  0.621951  0.0317073  
联  0.694211  0.12667  0.167244  0.0118753  
异  0.431925  0.14554  0.413146  0.00938967  
科  0.762572  0.122836  0.10676  0.00783182  
提  0.708253  0.0100736  0.0333204  0.248353  
供  0.381551  0.0262055  0.541929  0.0503145  
安  0.580598  0.117589  0.249878  0.0519353  
宁  0.246465  0.222222  0.385859  0.145455  
南  0.375712  0.216793  0.337287  0.0702087  
北  0.724518  0.101584  0.160124  0.0137741  
间  0.0335718  0.0264172  0.796368  0.143643  
贫  0.505833  0.09  0.391667  0.0125  
差  0.407407  0.0401235  0.324074  0.228395  
距  0.291667  0.0535714  0.434524  0.220238  
；  0  0  0  1  
冲  0.757353  0.0220588  0.0551471  0.165441  
突  0.822186  0.0261011  0.143556  0.00815661  
公  0.760764  0.206115  0.0298089  0.0033121  
理  0.182798  0.0882648  0.722417  0.00651956  
旧  0.156379  0.119342  0.251029  0.473251  
秩  0.973913  0.026087  0  0  
序  0.148014  0.0685921  0.758123  0.0252708  
没  0.775821  0.0104083  0.0216173  0.192154  
根  0.746583  0.0725552  0.0998948  0.0809674  
变  0.445724  0.0189145  0.380757  0.154605  
激  0.810026  0.0474934  0.129288  0.0131926  
烈  0.0891089  0.0445545  0.858911  0.00742574  
竞  0.9718  0.00650759  0  0.021692  
争  0.220479  0.0842279  0.638315  0.0569777  
仍  0.274463  0  0.00238663  0.72315  
处  0.415942  0.0304348  0.427536  0.126087  
弱  0.157143  0.0809524  0.67619  0.0857143  
位  0.0864304  0.00821089  0.548833  0.356525  
类  0.1  0.0238806  0.719403  0.156716  
存  0.6  0.0532258  0.298387  0.0483871  
威  0.420382  0.175159  0.39172  0.0127389  
胁  0.0172414  0.0344828  0.948276  0  
挑  0.87027  0.027027  0  0.102703  
战  0.588633  0.126618  0.265053  0.0196961  
景  0.301095  0.0766423  0.59854  0.0237226  
也  0.0335846  0.0185058  0.0013708  0.946539  
帆  0.2  0.12  0.44  0.24  
键  0.0146341  0.0146341  0.970732  0  
团  0.28595  0.0837466  0.60551  0.0247934  
起  0.262228  0.025894  0.314838  0.397041  
坚  0.833181  0.0920693  0.071103  0.00364631  
奉  0.664179  0.19403  0.0970149  0.0447761  
策  0.0560254  0.0496829  0.890063  0.00422833  
础  0  0.0388514  0.961149  0  
协  0.600791  0.0197628  0.379447  0  
调  0.609051  0.0174482  0.345147  0.0283533  
贸  0.440678  0.1849  0.3698  0.0046225  
护  0.0865103  0.134897  0.766862  0.0117302  
境  0.153543  0.0131234  0.826772  0.00656168  
消  0.861361  0.00641849  0.123235  0.00898588  
除  0.35206  0.0224719  0.434457  0.191011  
打  0.647059  0.045505  0.0588235  0.248613  
击  0.0729412  0.145882  0.767059  0.0141176  
犯  0.690244  0.0536585  0.192683  0.0634146  
罪  0.107239  0.0455764  0.809651  0.0375335  
永  0.872093  0.0261628  0.0261628  0.0755814  
远  0.29912  0.101173  0.467742  0.131965  
维  0.707493  0.118156  0.170029  0.00432277  
量  0.0138045  0.0104914  0.963004  0.0127002  
久  0.105541  0.240106  0.540897  0.113456  
而  0.175586  0.0818468  0.187828  0.554739  
懈  0.0705882  0.152941  0.776471  0  
辞  0.52809  0.168539  0.269663  0.0337079  
迎  0.376271  0.0559322  0.394915  0.172881  
刻  0.117801  0.0680628  0.78534  0.0287958  
快  0.288136  0.0222458  0.525424  0.164195  
乐  0.222571  0.330199  0.412748  0.0344828  
庭  0.0397022  0.0223325  0.923077  0.0148883  
幸  0.706667  0.0266667  0.253333  0.0133333  
福  0.55283  0.0264151  0.384906  0.0358491  
谢  0.203226  0.0419355  0.493548  0.26129  
京  0.142738  0.108932  0.644825  0.103506  
胜  0.344907  0.0949074  0.395833  0.164352  
元  0.0871814  0.033986  0.318064  0.560768  
旦  0.00342466  0.143836  0.84589  0.00684932  
即  0.340909  0.00874126  0.253497  0.396853  
喜  0.586022  0.141577  0.166667  0.105735  
悦  0.113208  0.0377358  0.735849  0.113208  
送  0.165468  0.0263789  0.221823  0.586331  
牛  0.429293  0.0757576  0.146465  0.348485  
昂  0.488889  0.2  0.244444  0.0666667  
扬  0.105769  0.13141  0.698718  0.0641026  
斗  0.42953  0.0687919  0.474832  0.0268456  
虎  0.503212  0.0899358  0.20985  0.197002  
刚  0.315663  0.00240964  0.387952  0.293976  
去  0.431121  0.00411899  0.293822  0.270938  
气  0.353298  0.106899  0.512509  0.0272934  
磅  0.0833333  0.583333  0.0833333  0.25  
礴  0  0  1  0  
澜  0.703125  0.109375  0.1875  0  
壮  0.649038  0.153846  0.144231  0.0528846  
阔  0.0725806  0.137097  0.782258  0.00806452  
核  0.802528  0.0315956  0.135861  0.0300158  
移  0.551929  0.0237389  0.341246  0.0830861  
沿  0.653266  0.0201005  0.125628  0.201005  
着  0.0781571  0.00493624  0.230358  0.686549  
写  0.168317  0.00792079  0.269307  0.554455  
辉  0.371179  0.0786026  0.458515  0.0917031  
煌  0  0.0103093  0.989691  0  
篇  0.142202  0.169725  0.165138  0.522936  
章  0.0548246  0.0504386  0.725877  0.16886  
办  0.412319  0.0150849  0.358894  0.213702  
圆  0.555556  0.140351  0.146199  0.157895  
危  0.909441  0.044316  0.044316  0.00192678  
浪  0.45977  0.264368  0.155172  0.12069  
许  0.61869  0.0225564  0.208378  0.150376  
形  0.849901  0.0408163  0.0921659  0.0171165  
整  0.5196  0.0333611  0.430359  0.0166806  
破  0.359116  0.127072  0.460405  0.053407  
践  0.00664452  0.0332226  0.953488  0.00664452  
亿  0.0320233  0.00436681  0.868996  0.0946143  
万  0.088551  0.0567979  0.665921  0.18873  
仰  0.240741  0.0925926  0.574074  0.0925926  
赖  0.0117647  0.0705882  0.635294  0.282353  
贯  0.834302  0.0319767  0.133721  0  
彻  0.212465  0.0141643  0.767705  0.00566572  
落  0.642409  0.0564617  0.223338  0.0777917  
务  0.029969  0.300379  0.668963  0.000688942  
线  0.116327  0.0510204  0.707143  0.12551  
矛  0.958904  0.0273973  0.0136986  0  
盾  0.00490196  0.00490196  0.897059  0.0931373  
待  0.114894  0.278723  0.52766  0.0787234  
已  0.218663  0.00324977  0.04039  0.737697  
入  0.0853345  0.0317324  0.837479  0.0454545  
攻  0.75  0.0235849  0.169811  0.0566038  
阶  0.62645  0.296984  0.0765661  0  
段  0.00390625  0.0247396  0.673177  0.298177  
必  0.857868  0.0446701  0.0690355  0.0284264  
须  0.0177134  0.00644122  0.911433  0.0644122  
学  0.410103  0.152468  0.399311  0.0381171  
习  0.154237  0.0186441  0.818644  0.00847458  
掌  0.85  0.0222222  0.116667  0.0111111  
握  0.110577  0.0144231  0.778846  0.0961538  
揽  0  0.561404  0.263158  0.175439  
署  0.0467836  0  0.935673  0.0175439  
狠  0.829268  0  0.0731707  0.097561  
艰  0.721198  0.260369  0.0184332  0  
苦  0.185804  0.2881  0.434238  0.091858  
奋  0.491686  0.337292  0.163895  0.00712589  
夺  0.546448  0.120219  0.20765  0.125683  
今  0.813632  0.0162059  0.150143  0.0200191  
届  0.0422764  0.00650407  0.193496  0.757724  
转  0.754536  0.0384205  0.135539  0.0715048  
折  0.231481  0.111111  0.583333  0.0740741  
里  0.0411985  0.0857262  0.508115  0.36496  
优  0.908787  0.032636  0.0242678  0.0343096  
传  0.645589  0.0772834  0.250585  0.0265418  
具  0.751973  0.048478  0.129651  0.0698985  
髓  0  0.0909091  0.909091  0  
证  0.484979  0.0523605  0.454936  0.00772532  
才  0.0548523  0.0421941  0.35443  0.548523  
或  0.265241  0.0106952  0.00855615  0.715508  
观  0.524133  0.0226244  0.436652  0.0165913  
念  0.0350877  0.153996  0.783626  0.0272904  
束  0.0877743  0.0407524  0.830721  0.0407524  
缚  0  0  1  0  
真  0.498043  0.0772994  0.318982  0.105675  
做  0.489832  0.00353669  0.0442087  0.462423  
尊  0.746269  0.104478  0.0845771  0.0646766  
认  0.906209  0.00858653  0.0759577  0.00924703  
识  0.00346021  0.10842  0.873126  0.0149942  
客  0.514539  0.0379267  0.433628  0.0139064  
规  0.827404  0.0862978  0.085639  0.000658762  
律  0.066343  0.122977  0.809061  0.00161812  
勇  0.458937  0.10628  0.280193  0.154589  
程  0.129759  0.0375335  0.8  0.0327078  
碑  0.0816327  0.0408163  0.734694  0.142857  
硕  0.629032  0.0322581  0.306452  0.0322581  
点  0.0400633  0.0479705  0.768582  0.143384  
容  0.217391  0.0991304  0.678261  0.00521739  
后  0.101669  0.0210136  0.438504  0.438813  
否  0.266904  0.00355872  0.718861  0.0106762  
然  0.183302  0.118644  0.69366  0.00439422  
看  0.473267  0.00264026  0.141254  0.382838  
搞  0.348348  0  0  0.651652  
级  0.0106383  0.075228  0.818389  0.0957447  
干  0.690635  0.0635452  0.115942  0.129877  
集  0.708261  0.0901213  0.168689  0.0329289  
水  0.614768  0.0814346  0.21097  0.092827  
手  0.345763  0.0562712  0.481356  0.11661  
硬  0.412903  0.0709677  0.251613  0.264516  
离  0.376494  0.0398406  0.40239  0.181275  
依  0.882789  0.0563798  0.0385757  0.0222552  
据  0.0638905  0.0313748  0.338848  0.565887  
初  0.421687  0.155288  0.179384  0.243641  
论  0.13317  0.0743464  0.748366  0.0441176  
群  0.825926  0.0392593  0.1  0.0348148  
众  0.0905091  0.0553111  0.846637  0.00754243  
又  0  0.000761035  0.000761035  0.998478  
样  0.0397351  0.0687086  0.881623  0.00993377  
疾  0.575472  0.207547  0.216981  0  
倡  0.437956  0.175182  0.386861  0  
鼓  0.735974  0.122112  0.115512  0.0264026  
劲  0.252033  0.00813008  0.593496  0.146341  
效  0.362177  0.132025  0.498662  0.00713649  
止  0.0304569  0.0152284  0.913706  0.0406091  
追  0.849785  0.0300429  0.0128755  0.107296  
花  0.384168  0.154831  0.313155  0.147846  
架  0.181818  0.0562771  0.415584  0.34632  
子  0.0852436  0.0469198  0.863181  0.00465616  
杜  0.35  0.125  0  0.525  
绝  0.456825  0.100279  0.409471  0.0334262  
脱  0.568765  0.167832  0.195804  0.0675991  
浮  0.635417  0.114583  0.166667  0.0833333  
躁  0.0909091  0  0.909091  0  
虚  0.504348  0.243478  0.156522  0.0956522  
夸  0.615385  0.211538  0.0961538  0.0769231  
官  0.652755  0.048414  0.255426  0.0434057  
僚  0.0416667  0.625  0.333333  0  
因  0.551358  0.0265643  0.208383  0.213695  
此  0.298895  0.0701657  0.335912  0.295028  
牢  0.658228  0.0126582  0.291139  0.0379747  
宗  0.818182  0.00454545  0.1  0.0772727  
旨  0.407767  0  0.592233  0  
勤  0.297521  0.214876  0.458678  0.0289256  
廉  0.619377  0.145329  0.183391  0.0519031  
身  0.392157  0.101961  0.440196  0.0656863  
率  0.13009  0.0147059  0.826923  0.0282805  
９  0.367385  0.446154  0.134769  0.0516923  
８  0.377694  0.320043  0.214978  0.0872845  
瞩  0.470588  0.411765  0.117647  0  
催  0.5  0.204545  0  0.295455  
征  0.510345  0.0448276  0.417241  0.0275862  
途  0.457944  0.11215  0.420561  0.00934579  
英  0.644977  0.0308219  0.192922  0.131279  
雄  0.334728  0.104603  0.527197  0.0334728  
扎  0.484018  0.296804  0.0730594  0.146119  
音  0.610638  0.0808511  0.287234  0.0212766  
李  0.0243722  0.00295421  0.0118168  0.960857  
鹏  0.0503356  0.0100671  0.14094  0.798658  
乔  0.2  0.123077  0.0153846  0.661538  
石  0.566406  0.09375  0.140625  0.199219  
朱  0.0251046  0.0167364  0.0041841  0.953975  
F  1  0  0  0  
瑞  0.643564  0.171617  0.158416  0.0264026  
刘  0.0553459  0.00251572  0.00251572  0.939623  
清  0.572176  0.0564854  0.294979  0.0763598  
尉  0.0352941  0  0.0470588  0.917647  
健  0.705628  0.041847  0.181818  0.0707071  
岚  0.948148  0.00740741  0.0296296  0.0148148  
名  0.248719  0.0605496  0.233349  0.457382  
劳  0.731579  0.161404  0.0964912  0.0105263  
模  0.363636  0.0777339  0.557312  0.00131752  
范  0.225686  0.127182  0.584788  0.0623441  
欣  0.553719  0.165289  0.132231  0.14876  
赏  0.0458015  0.137405  0.778626  0.0381679  
’  0.289216  0  0  0.710784  
彩  0.387805  0.1  0.490244  0.0219512  
节  0.361911  0.0281414  0.594895  0.0150524  
演  0.638067  0.0552268  0.261341  0.0453649  
影  0.666012  0.0471513  0.279961  0.00687623  
樊  0  0.243902  0.317073  0.439024  
如  0.565074  0.0917079  0.144975  0.198243  
钧  0.294118  0  0.647059  0.0588235  
报  0.370083  0.0299706  0.565427  0.0345197  
讯  0.00120337  0.0264741  0.140794  0.831528  
陈  0.0948905  0.0131387  0.00437956  0.887591  
雁  0.211538  0.0384615  0.442308  0.307692  
晚  0.605341  0.0148368  0.210682  0.169139  
堂  0.0411765  0.0441176  0.885294  0.0294118  
声  0.324128  0.0784884  0.511628  0.0857558  
街  0.507837  0.0815047  0.291536  0.119122  
溢  0.105263  0.22807  0.54386  0.122807  
火  0.526749  0.139918  0.263374  0.0699588  
树  0.445221  0.0512821  0.289044  0.214452  
银  0.895762  0.0400916  0.0263459  0.0378007  
灯  0.325373  0.0925373  0.474627  0.107463  
欢  0.673222  0.172466  0.143722  0.01059  
祥  0.333333  0.0874317  0.546448  0.0327869  
庆  0.363636  0.0773694  0.481625  0.0773694  
氛  0.288591  0  0.711409  0  
场  0.0489957  0.0903834  0.785453  0.0751674  
由  0.285933  0.0489297  0.0754332  0.589704  
市  0.464779  0.0604789  0.410418  0.0643244  
委  0.284577  0.173551  0.541114  0.000757863  
宣  0.916786  0.061693  0.0143472  0.0071736  
厅  0.070922  0.0070922  0.886525  0.035461  
单  0.743136  0.0230292  0.182462  0.0513729  
携  0.666667  0.125  0  0.208333  
奏  0.079646  0.150442  0.707965  0.0619469  
著  0.53866  0.0154639  0.43299  0.0128866  
响  0.0632258  0.0632258  0.828387  0.0451613  
袂  0  0  1  0  
挥  0.0670498  0.0977011  0.818008  0.0172414  
佐  0.219512  0.268293  0.512195  0  
湟  0.333333  0  0.666667  0  
燮  0.857143  0  0  0.142857  
阳  0.139098  0.272556  0.554511  0.0338346  
谭  0.0392157  0  0.0392157  0.921569  
批  0.44887  0.0215285  0.13563  0.393972  
曲  0.143275  0.0964912  0.660819  0.0994152  
沪  0.272727  0  0  0.727273  
型  0.0128205  0.018648  0.945221  0.02331  
队  0.156842  0.0140617  0.777177  0.05192  
饱  0.308511  0.191489  0.457447  0.0425532  
湛  0.52  0  0.48  0  
艺  0.67549  0.0862745  0.237255  0.000980392  
准  0.360505  0.0332951  0.561424  0.0447761  
弦  0.0555556  0.388889  0.555556  0  
颂  0.333333  0  0.515152  0.151515  
拉  0.181165  0.628325  0.119339  0.0711718  
帷  0.95  0.05  0  0  
幕  0.0188679  0.0990566  0.816038  0.0660377  
舒  0.677419  0.0483871  0.0483871  0.225806  
仿  0.746835  0  0.113924  0.139241  
佛  0.355932  0.0762712  0.516949  0.0508475  
星  0.259681  0.143508  0.519362  0.0774487  
天  0.276978  0.0590528  0.494604  0.169365  
城  0.548023  0.0831316  0.325262  0.0435835  
楼  0.18543  0.0629139  0.503311  0.248344  
冉  0.333333  0  0.333333  0.333333  
升  0.288546  0.0506608  0.566079  0.0947137  
听  0.533499  0.0198511  0.143921  0.30273  
脚  0.377358  0.220126  0.188679  0.213836  
钢  0.674074  0.0888889  0.203704  0.0333333  
琴  0.013245  0.013245  0.940397  0.0331126  
品  0.120206  0.0375643  0.836694  0.00553578  
珠  0.489655  0.131034  0.331034  0.0482759  
耳  0.25731  0.573099  0.0994152  0.0701754  
熟  0.454545  0.0545455  0.460606  0.030303  
详  0.678571  0  0.285714  0.0357143  
歌  0.528689  0.0737705  0.239754  0.157787  
编  0.717822  0.0321782  0.212871  0.0371287  
器  0.0859232  0.0365631  0.877514  0  
感  0.692085  0.03861  0.232625  0.0366795  
旋  0.407407  0.234568  0.333333  0.0246914  
抒  0.833333  0.125  0  0.0416667  
洗  0.477778  0.0555556  0.211111  0.255556  
雪  0.264448  0.0910683  0.446585  0.197898  
耻  0.153846  0  0.769231  0.0769231  
辱  0.08  0.16  0.72  0.04  
专  0.908703  0.0383959  0.03157  0.0213311  
唱  0.083004  0.126482  0.367589  0.422925  
迪  0.130081  0.325203  0.536585  0.00813008  
拜  0.576577  0.189189  0.0765766  0.157658  
尔  0.0125  0.515278  0.472222  0  
春  0.591654  0.0275708  0.321162  0.0596125  
带  0.575461  0.0141151  0.176982  0.233442  
象  0.0944056  0.0745921  0.827506  0.0034965  
田  0.128906  0.0898438  0.574219  0.207031  
野  0.403587  0.0807175  0.475336  0.0403587  
山  0.43117  0.153426  0.360825  0.0545785  
谷  0.221374  0.114504  0.496183  0.167939  
享  0.772727  0.0170455  0.176136  0.0340909  
誉  0.15534  0.0533981  0.781553  0.00970874  
坛  0.0147059  0.0367647  0.941176  0.00735294  
男  0.764912  0.0631579  0.0175439  0.154386  
莫  0.642857  0.214286  0.0401786  0.102679  
伦  0.492537  0.291045  0.208955  0.00746269  
剧  0.220392  0.105098  0.654118  0.0203922  
朵  0.0857143  0.0857143  0.571429  0.257143  
选  0.631012  0.0348259  0.293532  0.0406302  
夜  0.28869  0.0863095  0.39881  0.22619  
无  0.554753  0.219615  0.0138387  0.211793  
睡  0.272727  0  0.295455  0.431818  
迷  0.585859  0.10101  0.252525  0.0606061  
梁  0.0371901  0.0330579  0.446281  0.483471  
伯  0.365297  0.164384  0.47032  0  
四  0.34793  0.144904  0.187898  0.319268  
诗  0.486726  0.0530973  0.274336  0.185841  
马  0.365962  0.253615  0.151279  0.229143  
松  0.32093  0.0232558  0.534884  0.12093  
座  0.37594  0.047619  0.162907  0.413534  
被  0.125754  0.0180879  0.0404823  0.815676  
息  0.0101744  0.0930233  0.895349  0.00145349  
热  0.758621  0.0809019  0.0888594  0.071618  
频  0.705882  0.0235294  0.223529  0.0470588  
返  0.515789  0.0105263  0.378947  0.0947368  
娘  0.14  0.01  0.81  0.04  
军  0.423687  0.0940171  0.430606  0.0516891  
白  0.453311  0.112054  0.202037  0.232598  
毛  0.22  0.132  0.096  0.552  
寨  0.0307692  0.153846  0.815385  0  
达  0.296571  0.0771429  0.256571  0.369714  
潮  0.24  0.0488889  0.635556  0.0755556  
舞  0.45  0.122917  0.364583  0.0625  
亲  0.557377  0.0327869  0.387978  0.0218579  
见  0.0863121  0.065388  0.637315  0.210985  
贺  0.44702  0.00993377  0.380795  0.162252  
留  0.487356  0.0551724  0.296552  0.16092  
铁  0.836431  0.0315985  0.109665  0.0223048  
映  0.0688623  0.0538922  0.844311  0.0329341  
贾  0.0606061  0.0808081  0.040404  0.818182  
林  0.142586  0.237643  0.424905  0.194867  
曾  0.126761  0.00201207  0.0321932  0.839034  
考  0.733945  0.0382263  0.214067  0.0137615  
察  0.0225141  0.442777  0.532833  0.00187617  
职  0.785714  0.0785714  0.120779  0.0149351  
守  0.262357  0.095057  0.532319  0.110266  
岗  0.23339  0.032368  0.678024  0.0562181  
示  0.0898502  0.0174709  0.887687  0.00499168  
慰  0.90378  0  0.0927835  0.00343643  
振  0.872727  0.0581818  0.0545455  0.0145455  
宿  0.724138  0.0517241  0.206897  0.0172414  
院  0.0988895  0.0179799  0.859863  0.0232681  
午  0.0531915  0  0.946809  0  
厂  0.174089  0.0121457  0.611336  0.202429  
九  0.353398  0.132039  0.279612  0.234951  
陪  0.756757  0  0.0675676  0.175676  
西  0.500787  0.203461  0.27268  0.0230729  
郊  0.343284  0.0298507  0.626866  0  
始  0.176471  0.0372149  0.762305  0.0240096  
司  0.109589  0.0189673  0.866702  0.00474183  
骨  0.688312  0.116883  0.162338  0.0324675  
担  0.4625  0.0166667  0.489583  0.03125  
装  0.26699  0.168285  0.501618  0.0631068  
千  0.317175  0.272853  0.196676  0.213296  
瓦  0.201299  0.525974  0.233766  0.038961  
八  0.305292  0.151967  0.259159  0.283582  
米  0.0933694  0.0473613  0.366712  0.492558  
检  0.87728  0.0165837  0.0961857  0.00995025  
查  0.203001  0.0494263  0.707855  0.0397176  
属  0.214433  0.0391753  0.579381  0.16701  
负  0.766304  0.0353261  0.110054  0.0883152  
责  0.417118  0.169014  0.403034  0.0108342  
细  0.466403  0.146245  0.300395  0.0869565  
询  0.278571  0.0642857  0.65  0.00714286  
网  0.420118  0.0335306  0.47929  0.0670611  
随  0.74958  0.0773109  0.0823529  0.0907563  
运  0.629682  0.134276  0.200707  0.0353357  
号  0.207343  0.0172786  0.464363  0.311015  
控  0.576344  0.00860215  0.410753  0.00430108  
室  0.117647  0.00840336  0.851541  0.022409  
『  0  0  0  1  
轻  0.304762  0.17381  0.442857  0.0785714  
孔  0.166667  0.0277778  0.240741  0.564815  
老  0.613592  0.106796  0.0847896  0.194822  
退  0.572881  0.176271  0.135593  0.115254  
』  0  0  0  1  
Ａ  0.130435  0.057971  0.369565  0.442029  
Ｂ  0.295455  0.181818  0.125  0.397727  
你  0.188999  0.00282087  0.022567  0.785614  
障  0.173228  0.0511811  0.775591  0  
己  0.00720165  0.0133745  0.967078  0.0123457  
闸  0.105263  0.105263  0.526316  0.263158  
限  0.298214  0.348214  0.344643  0.00892857  
靠  0.0762463  0.0322581  0.398827  0.492669  
休  0.323944  0.117371  0.549296  0.00938967  
郭  0  0.00806452  0  0.991935  
闫  0  0  0.25  0.75  
戌  0.666667  0  0.333333  0  
麟  0.1875  0.125  0.65625  0.03125  
师  0.147692  0.0753846  0.746154  0.0307692  
从  0.234058  0.0130435  0.0213768  0.731522  
伴  0.275229  0.0183486  0.637615  0.0688073  
抚  0.666667  0.142857  0.166667  0.0238095  
养  0.324278  0.0458404  0.539898  0.089983  
欠  0.378788  0  0.151515  0.469697  
佳  0.561181  0.0379747  0.299578  0.101266  
孙  0.0884354  0.0272109  0.180272  0.704082  
倾  0.890625  0.015625  0.0234375  0.0703125  
肯  0.766871  0.00613497  0.0797546  0.147239  
孩  0.857506  0.0229008  0.117048  0.00254453  
溺  0.5  0  0.5  0  
爱  0.406436  0.137068  0.275328  0.181168  
让  0.0798722  0.0111821  0.086262  0.822684  
康  0.0974026  0.0281385  0.82684  0.047619  
评  0.651389  0.0138889  0.294444  0.0402778  
房  0.219335  0.0363825  0.704782  0.039501  
奔  0.508065  0.0806452  0.0645161  0.346774  
忆  0.0246914  0.0987654  0.82716  0.0493827  
比  0.520231  0.0642261  0.0989082  0.316635  
计  0.409759  0.109935  0.462669  0.0176367  
较  0.0871314  0  0.261394  0.651475  
什  0.75  0.186364  0.0636364  0  
么  0  0.0362047  0.961298  0.00249688  
私  0.51462  0.0994152  0.304094  0.0818713  
丢  0.447368  0.0789474  0  0.473684  
桢  0  0  1  0  
严  0.8361  0.0207469  0.0985477  0.0446058  
秀  0.211796  0.0321716  0.747989  0.0080429  
挂  0.396825  0.031746  0.169312  0.402116  
徽  0.0165289  0.396694  0.570248  0.0165289  
省  0.284215  0.00821168  0.557938  0.149635  
肥  0.30625  0.13125  0.525  0.0375  
悬  0.735849  0.0943396  0  0.169811  
盏  0.0322581  0.0322581  0.16129  0.774194  
笼  0.269841  0.015873  0.650794  0.0634921  
营  0.231397  0.0989111  0.658802  0.0108893  
凌  0.518987  0.0253165  0.329114  0.126582  
空  0.462939  0.156047  0.348505  0.0325098  
戴  0.0851064  0.035461  0.134752  0.744681  
浩  0.53125  0.275  0.13125  0.0625  
勉  0.534884  0.0465116  0.395349  0.0232558  
励  0.0229008  0.019084  0.950382  0.00763359  
用  0.122099  0.0397456  0.593005  0.245151  
宏  0.868167  0.0321543  0.073955  0.0257235  
投  0.954984  0.0128617  0.00482315  0.0273312  
站  0.0756014  0.00687285  0.64433  0.273196  
列  0.267606  0.0595883  0.622969  0.0498375  
构  0.157943  0.0229568  0.817264  0.00183655  
赛  0.130337  0.0292135  0.819101  0.0213483  
议  0.154195  0.0498866  0.794218  0.00170068  
质  0.317572  0.0748059  0.588567  0.0190543  
锲  0.454545  0.454545  0  0.0909091  
舍  0.26  0.226667  0.433333  0.08  
翁  0.04  0.28  0.52  0.16  
姿  0.285714  0.206349  0.47619  0.031746  
素  0.574286  0.0214286  0.397143  0.00714286  
敬  0.588889  0.0777778  0.25  0.0833333  
知  0.514199  0.125761  0.323529  0.0365112  
紧  0.639866  0.0351759  0.239531  0.0854271  
围  0.355009  0.00351494  0.560633  0.0808436  
忠  0.618557  0.0206186  0.340206  0.0206186  
命  0.167694  0.159063  0.663379  0.00986436  
涛  0.0396825  0.0238095  0.761905  0.174603  
逝  0.688525  0.0327869  0.229508  0.0491803  
